1.0000000e+00  -2.4780000e+02   2.6750000e+02   1.5000000e+01;
2.0000000e+00  -2.4780000e+02   2.3490000e+02   1.5000000e+01;
3.0000000e+00  -2.4780000e+02   2.0430000e+02   1.5000000e+01;
4.0000000e+00  -2.4780000e+02   1.7260000e+02   1.5000000e+01;
5.0000000e+00  -2.4780000e+02   1.4100000e+02   1.5000000e+01;
6.0000000e+00  -2.4780000e+02   1.0940000e+02   1.5000000e+01;
7.0000000e+00  -2.4780000e+02   7.7800000e+01   1.5000000e+01;
8.0000000e+00  -2.4780000e+02   4.5200000e+01   1.5000000e+01;
9.0000000e+00  -2.4780000e+02   1.4500000e+01   1.5000000e+01;
1.0000000e+01  -2.4780000e+02  -1.7100000e+01   1.5000000e+01;
1.1000000e+01  -2.4780000e+02  -4.9700000e+01   1.5000000e+01;
1.2000000e+01  -2.4780000e+02  -8.0300000e+01   1.5000000e+01;
1.3000000e+01  -2.4780000e+02  -1.1190000e+02   1.5000000e+01;
1.4000000e+01  -2.4780000e+02  -1.4460000e+02   1.5000000e+01;
1.5000000e+01  -2.4780000e+02  -1.7520000e+02   1.5000000e+01;
1.6000000e+01  -2.4780000e+02  -2.0680000e+02   1.5000000e+01;
1.7000000e+01  -2.4780000e+02  -2.3940000e+02   1.5000000e+01;
1.8000000e+01  -2.4780000e+02  -2.7000000e+02   1.5000000e+01;
1.9000000e+01  -2.0480000e+02  -2.9690000e+02   1.5000000e+01;
2.0000000e+01  -1.7320000e+02  -2.9690000e+02   1.5000000e+01;
2.1000000e+01  -1.4160000e+02  -2.9690000e+02   1.5000000e+01;
2.2000000e+01  -1.0990000e+02  -2.9690000e+02   1.5000000e+01;
2.3000000e+01  -7.8300000e+01  -2.9690000e+02   1.5000000e+01;
2.4000000e+01  -4.5700000e+01  -2.9690000e+02   1.5000000e+01;
2.5000000e+01  -1.5100000e+01  -2.9690000e+02   1.5000000e+01;
2.6000000e+01   1.6500000e+01  -2.9690000e+02   1.5000000e+01;
2.7000000e+01   4.7200000e+01  -2.9690000e+02   1.5000000e+01;
2.8000000e+01   7.9800000e+01  -2.9690000e+02   1.5000000e+01;
2.9000000e+01   1.1140000e+02  -2.9690000e+02   1.5000000e+01;
3.0000000e+01   1.4400000e+02  -2.9690000e+02   1.5000000e+01;
3.1000000e+01   1.7460000e+02  -2.9690000e+02   1.5000000e+01;
3.2000000e+01   2.0630000e+02  -2.9690000e+02   1.5000000e+01;
3.3000000e+01   2.4830000e+02  -2.6790000e+02   1.5000000e+01;
3.4000000e+01   2.4830000e+02  -2.3530000e+02   1.5000000e+01;
3.5000000e+01   2.4830000e+02  -2.0470000e+02   1.5000000e+01;
3.6000000e+01   2.4830000e+02  -1.7310000e+02   1.5000000e+01;
3.7000000e+01   2.4830000e+02  -1.4050000e+02   1.5000000e+01;
3.8000000e+01   2.4830000e+02  -1.0990000e+02   1.5000000e+01;
3.9000000e+01   2.4830000e+02  -7.8200000e+01   1.5000000e+01;
4.0000000e+01   2.4830000e+02  -4.5600000e+01   1.5000000e+01;
4.1000000e+01   2.4830000e+02  -1.5000000e+01   1.5000000e+01;
4.2000000e+01   2.4830000e+02   1.6600000e+01   1.5000000e+01;
4.3000000e+01   2.4830000e+02   4.9200000e+01   1.5000000e+01;
4.4000000e+01   2.4830000e+02   7.9900000e+01   1.5000000e+01;
4.5000000e+01   2.4830000e+02   1.1150000e+02   1.5000000e+01;
4.6000000e+01   2.4830000e+02   1.4510000e+02   1.5000000e+01;
4.7000000e+01   2.4830000e+02   1.7470000e+02   1.5000000e+01;
4.8000000e+01   2.4830000e+02   2.0630000e+02   1.5000000e+01;
4.9000000e+01   2.4830000e+02   2.3900000e+02   1.5000000e+01;
5.0000000e+01   2.4830000e+02   2.6960000e+02   1.5000000e+01;
5.1000000e+01   2.0540000e+02   2.9620000e+02   1.5000000e+01;
5.2000000e+01   1.7380000e+02   2.9620000e+02   1.5000000e+01;
5.3000000e+01   1.4120000e+02   2.9620000e+02   1.5000000e+01;
5.4000000e+01   1.1050000e+02   2.9620000e+02   1.5000000e+01;
5.5000000e+01   7.8900000e+01   2.9620000e+02   1.5000000e+01;
5.6000000e+01   4.6300000e+01   2.9620000e+02   1.5000000e+01;
5.7000000e+01   1.5700000e+01   2.9620000e+02   1.5000000e+01;
5.8000000e+01  -1.5900000e+01   2.9620000e+02   1.5000000e+01;
5.9000000e+01  -4.8600000e+01   2.9620000e+02   1.5000000e+01;
6.0000000e+01  -7.9200000e+01   2.9620000e+02   1.5000000e+01;
6.1000000e+01  -1.1080000e+02   2.9620000e+02   1.5000000e+01;
6.2000000e+01  -1.4340000e+02   2.9620000e+02   1.5000000e+01;
6.3000000e+01  -1.7400000e+02   2.9620000e+02   1.5000000e+01;
6.4000000e+01  -2.0570000e+02   2.9620000e+02   1.5000000e+01;
6.5000000e+01  -2.4100000e+02   2.5020000e+02   1.0500000e+02;
6.6000000e+01  -2.4100000e+02   1.5180000e+02   1.0500000e+02;
6.7000000e+01  -2.4100000e+02   5.0300000e+01   1.0500000e+02;
6.8000000e+01  -2.4100000e+02  -5.1100000e+01   1.0500000e+02;
6.9000000e+01  -2.4100000e+02  -1.5360000e+02   1.0500000e+02;
7.0000000e+01  -2.4100000e+02  -2.5200000e+02   1.0500000e+02;
7.1000000e+01  -1.5240000e+02  -2.9180000e+02   1.0500000e+02;
7.2000000e+01  -5.2000000e+01  -2.9180000e+02   1.0500000e+02;
7.3000000e+01   5.2500000e+01  -2.9180000e+02   1.0500000e+02;
7.4000000e+01   1.5090000e+02  -2.9180000e+02   1.0500000e+02;
7.5000000e+01   2.4140000e+02  -2.5200000e+02   1.0500000e+02;
7.6000000e+01   2.4140000e+02  -1.5460000e+02   1.0500000e+02;
7.7000000e+01   2.4140000e+02  -5.0100000e+01   1.0500000e+02;
7.8000000e+01   2.4140000e+02   4.9300000e+01   1.0500000e+02;
7.9000000e+01   2.4140000e+02   1.4980000e+02   1.0500000e+02;
8.0000000e+01   2.4140000e+02   2.5020000e+02   1.0500000e+02;
8.1000000e+01   1.5390000e+02   2.9100000e+02   1.0500000e+02;
8.2000000e+01   5.1500000e+01   2.9100000e+02   1.0500000e+02;
8.3000000e+01  -5.0000000e+01   2.9100000e+02   1.0500000e+02;
8.4000000e+01  -1.5040000e+02   2.9100000e+02   1.0500000e+02;
8.5000000e+01  -2.4340000e+02   2.0200000e+02   1.9800000e+02;
8.6000000e+01  -2.4340000e+02   9.6900000e+01   1.9800000e+02;
8.7000000e+01  -2.4340000e+02  -2.0000000e-01   1.9800000e+02;
8.8000000e+01  -2.4340000e+02  -1.0040000e+02   1.9800000e+02;
8.9000000e+01  -2.4340000e+02  -2.0050000e+02   1.9800000e+02;
9.0000000e+01  -2.0890000e+02  -2.9180000e+02   1.9800000e+02;
9.1000000e+01  -1.0470000e+02  -2.9180000e+02   1.9800000e+02;
9.2000000e+01  -7.6000000e+00  -2.9180000e+02   1.9800000e+02;
9.3000000e+01   9.2500000e+01  -2.9180000e+02   1.9800000e+02;
9.4000000e+01   1.9260000e+02  -2.9180000e+02   1.9800000e+02;
9.5000000e+01   2.4140000e+02  -2.0150000e+02   1.9800000e+02;
9.6000000e+01   2.4140000e+02  -9.7400000e+01   1.9800000e+02;
9.7000000e+01   2.4140000e+02  -2.0000000e-01   1.9800000e+02;
9.8000000e+01   2.4140000e+02   9.9900000e+01   1.9800000e+02;
9.9000000e+01   2.4140000e+02   2.0000000e+02   1.9800000e+02;
1.0000000e+02   2.0380000e+02   2.9040000e+02   1.9800000e+02;
1.0100000e+02   1.0470000e+02   2.9040000e+02   1.9800000e+02;
1.0200000e+02   6.0000000e-01   2.9040000e+02   1.9800000e+02;
1.0300000e+02  -9.9500000e+01   2.9040000e+02   1.9800000e+02;
1.0400000e+02  -1.9970000e+02   2.9040000e+02   1.9800000e+02;
1.0500000e+02  -1.3200000e+02   2.2810000e+02   2.9700000e+02;
1.0600000e+02  -3.6000000e+01   2.2810000e+02   2.9700000e+02;
1.0700000e+02   3.6000000e+01   2.2810000e+02   2.9700000e+02;
1.0800000e+02   1.3200000e+02   2.2810000e+02   2.9700000e+02;
1.0900000e+02  -1.3200000e+02   1.1400000e+02   2.9700000e+02;
1.1000000e+02  -3.6000000e+01   1.1400000e+02   2.9700000e+02;
1.1100000e+02   3.6000000e+01   1.1400000e+02   2.9700000e+02;
1.1200000e+02   1.3200000e+02   1.1400000e+02   2.9700000e+02;
1.1300000e+02  -1.3200000e+02  -4.0000000e-01   2.9700000e+02;
1.1400000e+02  -3.6000000e+01  -4.0000000e-01   2.9700000e+02;
1.1500000e+02   3.6000000e+01  -4.0000000e-01   2.9700000e+02;
1.1600000e+02   1.3200000e+02  -4.0000000e-01   2.9700000e+02;
1.1700000e+02  -1.3200000e+02  -1.1400000e+02   2.9700000e+02;
1.1800000e+02  -3.6000000e+01  -1.1400000e+02   2.9700000e+02;
1.1900000e+02   3.6000000e+01  -1.1400000e+02   2.9700000e+02;
1.2000000e+02   1.3200000e+02  -1.1400000e+02   2.9700000e+02;
1.2100000e+02  -1.3200000e+02  -2.2880000e+02   2.9700000e+02;
1.2200000e+02  -3.6000000e+01  -2.2880000e+02   2.9700000e+02;
1.2300000e+02   3.6000000e+01  -2.2880000e+02   2.9700000e+02;
1.2400000e+02   1.3200000e+02  -2.2880000e+02   2.9700000e+02;
