0 loudspeaker-matrices 3 40 1 2 21 1.47198 3.68829 -1.95267 -3.94383
-3.08588 -1.70062 1.76846 0.000708516 4.05798 -0.664145 -0.793946 -0.652308
0.689354 0.499994 0.541249 0.289312 0.345912 0.530607 1 20 40 -3.49357
-1.1349 -1.85922 2.32522 3.26595 -2.44411 0.614355 -1.36495 4.66263
-0.664145 -0.43726 -0.494036 0.689354 0.845944 0.718316 0.289312 0.305258
0.489848 1 21 40 -1.98606 0.982519 -3.44381 -2.22311 -3.12253 2.33678
3.5811 2.80206 1.5442 -0.664145 -0.652308 -0.494036 0.689354 0.541249
0.718316 0.289312 0.530607 0.489848 2 3 22 -0.0289817 2.99116 -1.49915
-2.36545 -2.63711 -1.61747 1.55555 -0.00031107 3.57079 -0.793946 -0.900452
-0.741208 0.499994 0.187884 0.295022 0.345912 0.392283 0.60297 2 21
22 -2.71247 -0.000506023 -3.33409 3.18549 3.55132 2.1782 -1.24711 -3.12484
1.65436 -0.793946 -0.652308 -0.741208 0.499994 0.541249 0.295022 0.345912
0.530607 0.60297 3 4 23 -1.20266 2.64053 -1.47611 -1.18914 -2.64233
-1.46402 1.48645 0.000342818 3.41186 -0.900452 -0.899941 -0.775734
0.187884 -0.190697 -0.000541464 0.392283 0.392098 0.63106 3 22 23 -2.391
-3.70609e-05 -2.93915 1.52276 3.38366 1.87477 0.0313251 -3.23302 1.62037
-0.900452 -0.741208 -0.775734 0.187884 0.295022 -0.000541464 0.392283
0.60297 0.63106 4 5 24 -2.34229 2.61283 -1.55488 -0.0572434 -2.97025
-1.57597 1.56084 -0.000180417 3.58235 -0.899941 -0.791603 -0.738857
-0.190697 -0.504404 -0.304671 0.392098 0.344879 0.601054 4 23 24 -2.39265
7.54152e-05 -2.94117 0.0603504 3.13146 1.66151 1.49748 -3.28784 1.83796
-0.899941 -0.775734 -0.738857 -0.190697 -0.000541464 -0.304671 0.392098
0.63106 0.601054 5 6 25 -4.02604 3.09425 -1.81593 1.56236 -3.7008 -1.82653
1.76381 6.76882e-06 4.0485 -0.791603 -0.661862 -0.653676 -0.504404
-0.691946 -0.538427 0.344879 0.288355 0.531793 5 24 25 -2.71957 -0.000422296
-3.3433 -1.38916 3.29055 1.62405 3.33378 -3.71883 2.21306 -0.791603
-0.738857 -0.653676 -0.504404 -0.304671 -0.538427 0.344879 0.601054
0.531793 6 7 26 -3.61606 1.09812 -2.19691 2.43486 -3.2609 -2.23621
0.626534 1.39597 4.7879 -0.661862 -0.441086 -0.509705 -0.691946 -0.844437
-0.711896 0.288355 0.303925 0.48312 6 25 26 -2.18095 -0.823848 -3.51493
-2.37535 3.18119 2.18155 3.91638 -3.00996 1.76646 -0.661862 -0.653676
-0.509705 -0.691946 -0.538427 -0.711896 0.288355 0.531793 0.48312 7
8 27 -3.44119 -0.0888287 -1.95071 3.13122 -2.21359 -1.60598 0.000251348
1.42349 3.95545 -0.441086 -0.165363 -0.28467 -0.844437 -0.927966 -0.79322
0.303925 0.333968 0.538299 7 26 27 -0.000148265 -2.52144 -3.71559 -3.93351
2.78076 2.01747 3.53039 -1.07211 2.14487 -0.441086 -0.509705 -0.28467
-0.844437 -0.711896 -0.79322 0.303925 0.48312 0.538299 8 9 28 -3.0097
-1.24125 -1.94487 3.01037 -1.05374 -1.43736 0.000108191 1.36519 3.79339
-0.165363 0.16686 -0.0215566 -0.927966 -0.927731 -0.827297 0.333968
0.333874 0.561351 8 27 28 -0.000897449 -2.29444 -3.38148 -3.78738 1.32572
1.80836 3.63238 0.093764 2.05909 -0.165363 -0.28467 -0.0215566 -0.927966
-0.79322 -0.827297 0.333968 0.538299 0.561351 9 10 29 -3.1958 -2.37521
-2.00764 3.50433 0.0875485 -1.50809 -0.00010417 1.4111 3.92107 0.16686
0.437538 0.253717 -0.927731 -0.846075 -0.800423 0.333874 0.304495 0.543094
9 28 29 -0.000276503 -2.29537 -3.38284 -3.52358 -0.0880294 1.51637
3.64221 1.5021 2.3536 0.16686 -0.0215566 0.253717 -0.927731 -0.827297
-0.800423 0.333874 0.561351 0.543094 10 11 30 -2.33891 -3.34886 -2.66022
3.48245 1.23912 -1.56099 -0.591164 1.34462 4.58564 0.437538 0.662381
0.479304 -0.846075 -0.691529 -0.726227 0.304495 0.288165 0.492809 10
29 30 0.000859285 -2.51633 -3.70902 -3.64262 -1.29611 1.63279 4.01377
2.98314 2.5215 0.437538 0.253717 0.479304 -0.846075 -0.800423 -0.726227
0.304495 0.543094 0.492809 11 12 31 -1.57514 -3.74118 -1.88707 4.01111
3.13327 -1.7009 -1.73708 0.000787102 3.99478 0.662381 0.790732 0.649577
-0.691529 -0.506406 -0.542286 0.288165 0.34394 0.532894 11 30 31 1.90009
-1.02651 -3.36073 -3.36745 -2.63047 1.42796 2.08667 2.9877 2.37333
0.662381 0.479304 0.649577 -0.691529 -0.726227 -0.542286 0.288165 0.492809
0.532894 12 13 32 0.0400083 -2.92128 -1.4857 2.3279 2.5641 -1.57663
-1.52928 0.000121307 3.51605 0.790732 0.900849 0.738075 -0.506406 -0.186936
-0.297806 0.34394 0.391823 0.60544 12 31 32 2.69168 -0.000565142 -3.28162
-3.23992 -3.56866 2.19433 1.32261 3.14137 1.58453 0.790732 0.649577
0.738075 -0.506406 -0.542286 -0.297806 0.34394 0.532894 0.60544 13
14 33 1.17499 -2.69543 -1.43525 1.18807 2.69463 -1.44594 -1.46057 -0.000670409
3.3577 0.900849 0.90131 0.773203 -0.186936 0.184117 -0.000618581 0.391823
0.392098 0.634159 13 32 33 2.36302 -0.000896354 -2.88114 -1.4832 -3.364
1.80512 -0.0439927 3.21221 1.63366 0.900849 0.738075 0.773203 -0.186936
-0.297806 -0.000618581 0.391823 0.60544 0.634159 14 15 34 2.27609 -2.66534
-1.43008 0.0977801 3.01367 -1.6399 -1.53367 0.000575093 3.52516 0.90131
0.796992 0.736401 0.184117 0.494599 0.304779 0.392098 0.346662 0.604007
14 33 34 2.36258 0.000304328 -2.8806 -0.101199 -3.11905 1.69724 -1.42745
3.27456 1.74362 0.90131 0.773203 0.736401 0.184117 -0.000618581 0.304779
0.392098 0.634159 0.604007 15 16 35 3.83501 -3.01657 -1.62833 -1.39541
3.61735 -1.95293 -1.73413 -0.000220577 3.98715 0.796992 0.664666 0.651045
0.494599 0.688933 0.539436 0.346662 0.28912 0.533994 15 34 35 2.67137
-3.51507e-05 -3.2569 1.26319 -3.27459 1.76788 -3.16302 3.70395 1.98734
0.796992 0.736401 0.651045 0.494599 0.304779 0.539436 0.346662 0.604007
0.533994 16 17 36 3.59061 -1.2009 -1.93421 -2.39917 3.32528 -2.40817
-0.633985 -1.3614 4.7015 0.664666 0.445389 0.501579 0.688933 0.842175
0.714801 0.28912 0.303925 0.487317 16 35 36 2.09534 0.871572 -3.43509
2.27595 -3.1545 2.28449 -3.7371 2.93955 1.58675 0.664666 0.651045 0.501579
0.688933 0.539436 0.714801 0.28912 0.533994 0.487317 17 18 37 3.37458
0.0989353 -1.92917 -3.06259 2.19961 -1.607 -0.000391917 -1.41978 3.93477
0.445389 0.164204 0.285431 0.842175 0.927866 0.791858 0.303925 0.334817
0.539898 17 36 37 -0.000647425 2.52308 -3.70021 4.10003 -2.94471 2.15136
-3.70036 1.2376 1.99332 0.445389 0.501579 0.285431 0.842175 0.714801
0.791858 0.303925 0.487317 0.539898 18 19 38 3.08891 1.1353 -1.6744
-3.08691 1.15333 -1.68226 0.000354058 -1.36081 3.771 0.164204 -0.159638
0.00169445 0.927866 0.928561 0.826226 0.334817 0.335098 0.563336 18
37 38 -5.46247e-05 2.28939 -3.35778 3.52355 -1.31646 1.92021 -3.37692
-0.0990038 1.9305 0.164204 0.285431 0.00169445 0.927866 0.791858 0.826226
0.334817 0.539898 0.563336 19 20 39 3.12196 2.22487 -1.69367 -3.42654
0.0687394 -1.82285 -0.00033612 -1.41404 3.91818 -0.159638 -0.43726
-0.272431 0.928561 0.845944 0.794937 0.335098 0.305258 0.542085 19
38 39 -0.00101738 2.28752 -3.35503 3.5112 -0.0704377 1.86789 -3.64821
-1.34087 1.97758 -0.159638 0.00169445 -0.272431 0.928561 0.826226 0.794937
0.335098 0.563336 0.542085 20 39 40 -0.000187663 2.51054 -3.68165 3.64572
1.18432 1.94019 -4.03438 -2.8751 2.18865 -0.43726 -0.272431 -0.494036
0.845944 0.794937 0.718316 0.305258 0.542085 0.489848 21 22 39 -4.77331
3.54984 -7.60452 1.91886 -3.12425 5.54588 2.53786 0.00047345 3.11947
-0.652308 -0.741208 -0.272431 0.541249 0.295022 0.794937 0.530607 0.60297
0.542085 21 39 40 0.000315631 -4.22248 6.19219 3.64594 -1.80367 6.32203
-4.03508 6.56984 -11.6622 -0.652308 -0.272431 -0.494036 0.541249 0.794937
0.718316 0.530607 0.542085 0.489848 22 23 38 -4.02957 3.38358 -4.95046
2.56427 -3.23298 4.734 1.44053 2.23284e-05 1.77078 -0.741208 -0.775734
0.00169445 0.295022 -0.000541464 0.826226 0.60297 0.63106 0.563336
22 38 39 0.00075509 -1.69778 2.49008 3.51233 -2.61207 5.59561 -3.65086
4.60293 -6.73999 -0.741208 0.00169445 -0.272431 0.295022 0.826226 0.794937
0.60297 0.563336 0.542085 23 24 28 2.54237 3.13138 4.71254 -4.06634
-3.28767 -5.00139 1.49586 -4.71488e-05 1.83879 -0.775734 -0.738857
-0.0215566 -0.000541464 -0.304671 -0.827297 0.63106 0.601054 0.561351
23 28 33 -0.647156 0.552628 0.789589 -5.79995e-05 -1.20951 -0.00110908
0.644046 0.520716 0.792143 -0.775734 -0.0215566 0.773203 -0.000541464
-0.827297 -0.000618581 0.63106 0.561351 0.634159 23 33 38 -0.647208
-0.536348 0.788591 0.643995 -0.540754 0.791169 5.80023e-05 1.20957
0.00110913 -0.775734 0.773203 0.00169445 -0.000541464 -0.000618581
0.826226 0.63106 0.634159 0.563336 24 25 27 2.16675 3.2911 5.99551
-5.13417 -3.72015 -8.19701 2.65278 0.000411923 3.26119 -0.738857 -0.653676
-0.28467 -0.304671 -0.538427 -0.79322 0.601054 0.531793 0.538299 24
27 28 0.000673385 1.72159 2.53724 -3.78972 -4.66773 -7.02464 3.63337
2.63269 5.80089 -0.738857 -0.28467 -0.0215566 -0.304671 -0.79322 -0.827297
0.601054 0.538299 0.561351 25 26 27 0.000239826 4.07856 6.01017 -3.93403
-5.97543 -10.8856 3.53053 1.33365 5.68999 -0.653676 -0.509705 -0.28467
-0.538427 -0.711896 -0.79322 0.531793 0.48312 0.538299 28 29 32 -3.52325
2.69787 5.62213 3.64146 -4.66357 -6.73314 0.000202606 1.68192 2.47875
-0.0215566 0.253717 0.738075 -0.827297 -0.800423 -0.297806 0.561351
0.543094 0.60544 28 32 33 -1.41708 0.000537535 1.72779 3.94183 -3.36606
-4.80939 -2.50893 3.21315 4.63906 -0.0215566 0.738075 0.773203 -0.827297
-0.297806 -0.000618581 0.561351 0.60544 0.634159 29 30 31 -3.64374
1.96852 6.44478 4.01705 -6.61992 -11.6332 -0.00140547 4.11577 6.06657
0.253717 0.479304 0.649577 -0.800423 -0.726227 -0.542286 0.543094 0.492809
0.532894 29 31 32 -2.44953 0.000514302 2.98641 4.66261 -3.57032 -7.44024
-1.90664 3.14205 5.52154 0.253717 0.649577 0.738075 -0.800423 -0.542286
-0.297806 0.543094 0.532894 0.60544 33 34 38 -2.46759 -3.11935 4.58248
3.95223 3.27525 -4.81559 -1.45975 -0.000188032 1.77981 0.773203 0.736401
0.00169445 -0.000618581 0.304779 0.826226 0.634159 0.604007 0.563336
34 35 37 -2.16473 -3.27454 5.94715 5.1605 3.70384 -8.16058 -2.68229
3.52945e-05 3.27022 0.736401 0.651045 0.285431 0.304779 0.539436 0.791858
0.604007 0.533994 0.539898 34 37 38 4.10588e-05 -1.72083 2.52388 3.52341
4.45404 -6.5432 -3.37686 -2.42367 5.34002 0.736401 0.285431 0.00169445
0.304779 0.791858 0.826226 0.604007 0.539898 0.563336 35 36 37 0.00105226
-4.10076 6.01395 4.09768 6.19849 -11.2575 -3.69965 -1.5389 6.06519
0.651045 0.501579 0.285431 0.539436 0.714801 0.791858 0.533994 0.487317
0.539898 