132.816 2.35493;
136.534 2.51536;
140.499 2.67579;
145.146 2.84195;
150.366 3.01385;
156.181 3.16855;
162.576 3.30606;
169.669 3.4092;
176.654 3.46077;
-176.058 3.45504;
-168.667 3.39774;
-162.049 3.2946;
-155.7 3.15709;
-149.741 2.99093;
-144.745 2.83049;
-140.155 2.6586;
-135.99 2.49244;
-132.546 2.34347;
-124.599 2.38357;
-120.262 2.49817;
-115.5 2.61276;
-110.315 2.71017;
-104.78 2.79612;
-98.7522 2.85914;
-92.9136 2.88779;
-86.8229 2.88779;
-80.9671 2.85914;
-74.9566 2.79612;
-69.4331 2.71017;
-64.1273 2.60131;
-59.5435 2.49244;
-55.2061 2.37785;
-47.173 2.3492;
-43.4601 2.50963;
-39.5009 2.67006;
-34.8827 2.83622;
-29.5025 3.00812;
-23.8759 3.16282;
-17.4815 3.30033;
-10.4052 3.39774;
-3.45504 3.44931;
3.82747 3.44931;
11.2074 3.39201;
17.8367 3.28887;
24.1853 3.15709;
30.3046 2.9852;
35.1291 2.83049;
39.7243 2.6586;
43.9071 2.49244;
47.3564 2.34347;
55.2634 2.38357;
59.6008 2.49817;
64.517 2.61849;
69.5419 2.7159;
75.0883 2.80185;
81.116 2.86487;
86.9661 2.89352;
93.074 2.89352;
99.3194 2.85914;
104.975 2.80185;
110.515 2.7159;
115.838 2.60703;
120.434 2.49817;
124.782 2.38357;
133.933 16.8168;
147.799 20.2375;
168.214 23.0966;
-168.036 23.0851;
-147.495 20.1744;
-133.727 16.7595;
-117.58 17.6935;
-100.104 19.5098;
-79.8039 19.5041;
-62.6548 17.7278;
-46.2333 16.7481;
-32.6366 20.1171;
-11.7231 23.068;
11.5454 23.0851;
31.823 20.2833;
46.0271 16.8053;
62.1276 17.6935;
79.9643 19.5614;
99.7549 19.5785;
117.334 17.7737;
140.316 32.0465;
158.296 37.0829;
-179.96 39.1284;
-157.591 36.9454;
-140.522 32.1267;
-125.602 28.8894;
-109.742 32.5679;
-91.4926 34.1493;
-72.4125 32.8945;
-56.5755 29.5254;
-39.8561 32.2012;
-21.9736 37.2605;
-0.045838 39.3576;
22.4835 37.1574;
39.6441 32.2757;
54.9425 29.1644;
70.1779 32.6767;
89.8825 34.2868;
108.917 32.8257;
124.519 29.3306;
132.816 48.4164;
136.534 52.135;
140.499 52.135;
145.146 48.4164;
150.366 59.5779;
156.181 68.0751;
162.576 68.0751;
169.669 59.5779;
176.654 66.0411;
-176.058 83.0928;
-168.667 83.0928;
-162.049 66.0411;
-155.7 59.5779;
-149.741 68.0751;
-144.745 68.0751;
-140.155 59.5779;
-135.99 48.3533;
-132.546 52.0548;
-124.599 52.0548;
-120.262 48.3533;
180 0;
90 0;
0 0;
-90 0;
-144 0.5;
156 0.5;
-104 0.5;
124 0.5;
-64 0.5;
81 0.5;
-34 0.5;
43 0.5;
176 0.5;
11 0.5;
