2.44749
2.45714
2.46678
2.47642
2.48607
2.49571
2.50535
2.51499
2.51499
2.51499
2.51499
2.51499
2.5375
2.56
2.5825
2.5825
2.5825
2.5825
2.5825
2.5825
2.5825
2.5825
2.5825
2.5825
2.5825
2.5825
2.5825
2.5825
2.5825
2.5825
2.5825
2.5825
2.5825
2.5825
2.5825
2.5825
2.5825
2.5825
2.5825
2.5825
2.5825
2.5825
2.5825
2.5825
2.5825
2.5825
2.5825
2.5825
2.5825
2.5825
2.5825
2.5825
2.5825
2.5825
2.5825
2.5825
2.5825
2.5825
2.5825
2.5825
2.5825
2.5825
2.5825
2.5825
2.5825
2.51499
2.51499
2.51499
2.51499
2.51499
2.51499
2.51499
2.51499
2.51499
2.51499
2.51499
2.51499
2.51499
2.51499
2.51499
2.5825
2.5825
2.5825
2.51499
2.49812
2.48124
2.46437
2.44749
2.44749
2.44749
2.44749
2.44749
2.44749
2.44749
2.44749
2.44749
2.44749
2.44749
2.44749
2.45714
2.46678
2.47642
2.48607
2.49571
2.50535
2.51499
2.51499
2.51499
2.65
2.65
2.65
2.65
2.65
2.65
2.65
2.65
2.65
2.65
2.65
2.65
2.65
2.65
2.65
2.6455
2.641
2.6365
2.632
2.6275
2.623
2.6185
2.614
2.6095
2.605
2.6005
2.596
2.5915
2.587
2.5825
2.5825
2.5825
2.5825
2.5825
2.5825
2.5825
2.5825
2.5825
2.5825
2.5825
2.5825
2.5825
2.5825
2.5825
2.57406
2.56562
2.55719
2.54875
2.54031
2.53187
2.52344
2.515
2.515
2.515
2.515
2.515
2.515
2.515
2.515
2.49812
2.48125
2.46437
2.4475
2.4475
2.4475
2.4475
2.4475
2.4475
2.4475
2.4475
2.4475
2.4475
2.4475
2.4475
2.4475
2.4475
2.4475
2.4475
2.4475
2.4475
2.4475
2.4475
2.4475
2.4475
2.4475
2.4475
2.4475
2.4475
2.4475
2.4475
2.4475
2.43906
2.43062
2.42218
2.41375
2.40531
2.39687
2.38843
2.38
2.38
2.38
2.38
2.38
2.38
2.38
2.31249
2.29562
2.27874
2.26187
2.24499
2.24499
2.24499
2.24499
2.24499
2.24499
2.24499
2.24499
2.24499
2.24499
2.24499
2.24499
2.24499
2.24499
2.24499
2.24499
2.24499
2.24499
2.24499
2.24499
2.24499
2.24499
2.24499
2.24499
2.24499
2.24499
2.24499
2.24499
2.24499
2.24499
2.24499
2.24499
2.24499
2.24499
2.24499
2.24499
2.24499
2.24499
2.24499
2.24499
2.24499
2.24499
2.24499
2.24499
2.24499
2.24499
2.24499
2.24499
2.19999
2.15499
2.10999
2.09312
2.07624
2.05937
2.04249
2.01999
1.99749
1.97499
1.97499
1.97499
1.97499
1.97499
1.97499
1.97499
1.97499
1.97499
1.99749
2.01999
2.04249
2.05093
2.05937
2.0678
2.07624
2.08468
2.09312
2.10155
2.10999
2.10999
2.10999
2.10999
2.10999
2.10999
2.10999
2.10999
2.10999
2.10999
2.10999
2.10999
2.10999
2.10999
2.10999
2.10999
2.10999
2.10999
2.10999
2.09553
2.08106
2.0666
2.05213
2.03767
2.0232
2.00874
1.99428
1.97981
1.96535
1.95088
1.93642
1.92195
1.90749
1.90135
1.89522
1.88908
1.88294
1.87681
1.87067
1.86453
1.8584
1.85226
1.84612
1.83999
1.83999
1.83999
1.83999
1.83999
1.83999
1.83999
1.83999
1.83999
1.83999
1.83999
1.83999
1.83999
1.83999
1.83999
1.83999
1.83999
1.83999
1.83999
1.84374
1.84749
1.85124
1.85499
1.85874
1.86249
1.86624
1.86999
1.87374
1.87749
1.88124
1.88499
1.88874
1.89249
1.89624
1.89999
1.90374
1.90749
1.90749
1.90749
1.90749
1.90749
1.90749
1.90749
1.90749
1.90749
1.90749
1.90749
1.90749
1.90749
1.90749
1.90749
1.90749
1.90749
1.90749
1.90749
1.92436
1.94124
1.95811
1.97499
1.97499
1.97499
1.97499
1.97499
1.97499
1.97499
1.97499
1.97499
1.97499
1.97499
1.97499
1.98726
1.99954
2.01181
2.02408
2.03635
2.04863
2.0609
2.07317
2.08545
2.09772
2.10999
2.10999
2.10999
2.10999
2.10999
2.10999
2.10999
2.10999
2.10999
2.10999
2.10999
2.10999
2.10999
2.10999
2.10999
2.10999
2.10999
2.10999
2.10999
2.10999
2.10999
2.10999
2.10999
2.10999
2.10999
2.10999
2.10999
2.10999
2.10999
2.10999
2.10999
2.10999
2.10999
2.09312
2.07624
2.05937
2.04249
2.04249
2.04249
2.04249
2.04249
2.04249
2.04249
1.97499
1.97499
1.97499
1.97499
1.97499
1.97499
1.97499
1.97499
1.97499
1.97499
1.97499
1.97499
1.97499
1.97499
1.97499
1.97499
1.97499
1.97499
1.97499
1.97499
1.97499
1.97499
1.97499
1.97499
1.97499
1.97499
1.97499
1.97499
1.97499
1.97499
1.97499
1.97499
1.97499
1.97499
1.97499
1.97499
1.97499
1.99186
2.00874
2.02562
2.04249
2.04249
2.04249
2.04249
2.04249
2.04249
2.04249
2.04249
2.04249
2.04249
2.04249
2.04249
2.04249
2.04249
2.04249
2.04249
2.04249
2.04249
2.04249
2.04249
2.04249
2.04249
2.02562
2.00874
1.99186
1.97499
1.95811
1.94124
1.92436
1.90749
1.90749
1.90749
1.90749
1.90135
1.89522
1.88908
1.88294
1.87681
1.87067
1.86453
1.8584
1.85226
1.84612
1.83999
1.83999
1.83999
1.83999
1.83999
1.83999
1.83999
1.83999
1.83999
1.83999
1.83999
1.83999
1.83999
1.83999
1.83999
1.83999
1.83999
1.83999
1.83999
1.83999
1.83999
1.83999
1.83999
1.83999
1.83999
1.83999
1.83999
1.83517
1.83034
1.82552
1.8207
1.81588
1.81106
1.80624
1.80142
1.79659
1.79177
1.78695
1.78213
1.77731
1.77249
1.76284
1.7532
1.74356
1.73391
1.72427
1.71463
1.70499
1.70499
1.70499
1.70499
1.70499
1.70499
1.70499
1.70499
1.70499
1.70499
1.70499
1.70499
1.70499
1.70499
1.70499
1.70499
1.70499
1.70499
1.70499
1.71342
1.72186
1.7303
1.73874
1.74717
1.75561
1.76405
1.77249
1.77249
1.77249
1.77249
1.77249
1.77249
1.77249
1.77249
1.77249
1.77249
1.77249
1.77249
1.77249
1.77249
1.77249
1.77249
1.77249
1.77249
1.77249
1.77249
1.77249
1.77249
1.77249
1.77249
1.77249
1.77249
1.77249
1.77249
1.77249
1.77249
1.77249
1.77249
1.77249
1.77249
1.77249
1.77249
1.77249
1.77249
1.77249
1.77249
1.77249
1.77249
1.77249
1.77249
1.77249
1.77249
1.77249
1.77249
1.77249
1.77249
1.77249
1.77249
1.77249
1.77249
1.77249
1.77249
1.77249
1.77249
1.77249
1.77249
1.77249
1.77249
1.77249
1.77249
1.77249
1.77249
1.77249
1.77249
1.77249
1.77249
1.77249
1.77249
1.77249
1.77249
1.77249
1.77249
1.77249
1.77624
1.77999
1.78374
1.78749
1.79124
1.79499
1.79874
1.80249
1.80624
1.80999
1.81374
1.81749
1.82124
1.82499
1.82874
1.83249
1.83624
1.83999
1.83999
1.83999
1.83999
1.83999
1.83999
1.83999
1.83999
1.83999
1.83999
1.83999
1.83999
1.83999
1.83999
1.83999
1.83999
1.83999
1.83999
1.83999
1.83999
1.83999
1.77249
1.77249
1.77249
1.77249
1.77249
1.77249
1.77249
1.77249
1.77249
1.77249
1.77249
1.77249
1.77862
1.78476
1.7909
1.79703
1.80317
1.80931
1.81544
1.82158
1.82771
1.83385
1.83999
1.85927
1.87856
1.89785
1.91713
1.93642
1.9557
1.83999
1.82311
1.80624
1.78936
1.70499
1.70499
1.70499
1.70499
1.70499
1.70499
1.70499
1.70499
1.70499
1.70499
1.70499
1.70499
1.70499
1.70499
1.56998
1.55311
1.53623
1.51936
1.50248
1.50248
1.50248
1.50248
1.50248
1.50248
1.50248
1.50248
1.51475
1.52703
1.5393
1.55157
1.56385
1.57612
1.58839
1.60067
1.61294
1.62521
1.63748
1.65589
1.6743
1.69271
1.71112
1.72953
1.74794
1.76635
1.78476
1.80317
1.82158
1.83999
1.83999
1.83999
1.83999
1.83999
1.83999
1.83999
1.83999
1.83999
1.83999
1.83999
1.83999
1.83999
1.83999
1.83999
1.83999
1.83999
1.83999
1.77249
1.77249
1.77249
1.77249
1.77249
1.77249
1.77249
1.77249
1.77249
1.77249
1.77249
1.77249
1.77249
1.77249
1.77249
1.77249
1.77249
1.77249
1.77249
1.77249
1.77249
1.77249
1.77249
1.77249
1.77249
1.77249
1.77249
1.77249
1.77249
1.77249
1.77249
1.77249
1.77249
1.77249
1.77249
1.77249
1.77249
1.77249
1.77249
1.77249
1.77249
1.77249
1.77249
1.63748
1.62061
1.60373
1.58686
1.56998
1.55311
1.53623
1.51936
1.50248
1.50248
1.50248
1.50248
1.50248
1.50248
1.50248
1.50248
1.50248
1.50248
1.50248
1.50248
1.50248
1.50248
1.50248
1.50248
1.50248
1.50248
1.50248
1.50248
1.50248
1.50248
1.50248
1.50248
1.50248
1.50248
1.50248
1.50248
1.50248
1.50248
1.50623
1.50998
1.51373
1.51748
1.52123
1.52498
1.52873
1.53248
1.53623
1.53998
1.54373
1.54748
1.55123
1.55498
1.55873
1.56248
1.56623
1.50248
1.47998
1.45748
1.29998
1.26623
1.23248
1.19873
1.16498
1.1481
1.13123
1.11435
1.09748
1.09748
1.09748
1.09748
1.09748
1.09748
1.09748
1.09748
1.09748
1.09748
1.09748
1.09748
1.09748
1.09748
1.09748
1.09748
1.09748
1.09748
1.09748
1.09748
1.09748
1.09748
1.09748
1.09748
1.09748
1.09748
1.09748
1.09748
1.09748
0.962499
0.945624
0.928749
0.911873
0.894998
0.885355
0.875712
0.866069
0.856426
0.846783
0.83714
0.827497
0.827497
0.827497
0.827497
0.827497
0.827497
0.827497
1.03
1.03
1.03
1.03
1.03
1.03
1.03
1.03
1.03
1.03
1.03
1.03
1.03
1.03
1.03
1.03
1.03
1.03
1.03
1.03
1.03
1.03
1.03
1.03
1.03
1.03
1.03
1.03
1.03
1.03
1.03
1.03
1.03
1.03
0.827497
0.827497
0.827497
0.827497
0.827497
1.0975
