loudspeaker-matrices 3 24 1 12 13 1.2983 0.34788 -1.2983 1.41421 -2.44949
-0 -1.79596 2.3472 1.79596 0.847101 0.707107 0.612372 0.489074 1.23634e-07
0.353553 0.207912 0.707107 0.707107 1 12 24 -3.57504e-07 2.04468 0
-0.381742 -0.102288 1.79596 1.2983 -1.6968 -1.2983 0.847101 0.707107
0.978148 0.489074 1.23634e-07 1.71025e-07 0.207912 0.707107 0.207912
1 13 14 1.97276 -0.820322 -1.2983 -0.279455 -0.279455 1.79596 -1.02234
1.77075 -0 0.847101 0.612372 0.489074 0.489074 0.353553 0.847101 0.207912
0.707107 0.207912 2 13 14 -2.72894 1.13476 1.79596 2.44949 -1.41421
1.5477e-07 0.950424 0.950424 -1.2983 0.353553 0.612372 0.489074 0.612372
0.353553 0.847101 0.707107 0.707107 0.207912 2 13 15 5.27792 9.14162
-9.14162 -1.41421 -5.27792 5.27792 -3.8637 -3.8637 5.27792 0.353553
0.612372 -3.09086e-08 0.612372 0.353553 0.707107 0.707107 0.707107
0.707107 2 14 15 2.3472 -1.79596 1.79596 0.347879 1.2983 -1.2983 -2.44949
1.41421 -1.5477e-07 0.353553 0.489074 -3.09086e-08 0.612372 0.847101
0.707107 0.707107 0.207912 0.707107 3 14 15 -1.6968 1.2983 -1.2983
2.04468 8.93759e-08 -0 -0.102288 -0.381742 1.79596 -4.27562e-08 0.489074
-3.09086e-08 0.978148 0.847101 0.707107 0.207912 0.207912 0.707107
3 15 16 1.6968 1.2983 -1.2983 0.102288 -0.381742 1.79596 -2.04468 -8.93759e-08
-0 -4.27562e-08 -3.09086e-08 -0.489074 0.978148 0.707107 0.847101 0.207912
0.707107 0.207912 4 15 16 -2.3472 -1.79596 1.79596 2.44949 1.41421
0 -0.347879 1.2983 -1.2983 -0.353553 -3.09086e-08 -0.489074 0.612372
0.707107 0.847101 0.707107 0.707107 0.207912 4 15 17 -5.27792 9.14163
-9.14163 3.86371 -3.86371 5.27792 1.41422 -5.27792 5.27792 -0.353553
-3.09086e-08 -0.612372 0.612372 0.707107 0.353553 0.707107 0.707107
0.707107 4 16 17 2.72894 1.13476 1.79596 -0.950424 0.950424 -1.2983
-2.44949 -1.41421 0 -0.353553 -0.489074 -0.612372 0.612372 0.847101
0.353553 0.707107 0.207912 0.707107 5 16 17 -1.97276 -0.820322 -1.2983
1.02234 1.77075 -1.11884e-07 0.279455 -0.279455 1.79596 -0.847101 -0.489074
-0.612372 0.489074 0.847101 0.353553 0.207912 0.207912 0.707107 5 17
18 -0.275963 2.11862 -1.2983 0.381742 -0.102288 1.79596 -1.02234 -1.77075
1.11884e-07 -0.847101 -0.612372 -0.978148 0.489074 0.353553 -8.55124e-08
0.207912 0.707107 0.207912 6 7 18 0.381742 0.102288 1.79596 1.78752e-07
-2.04468 -0 -1.2983 1.6968 -1.2983 -0.707107 -0.847101 -0.978148 -6.18172e-08
-0.489074 -8.55124e-08 0.707107 0.207912 0.207912 6 7 19 -1.41421 2.44949
0 -1.2983 -0.347879 -1.2983 1.79596 -2.3472 1.79596 -0.707107 -0.847101
-0.612372 -6.18172e-08 -0.489074 -0.353553 0.707107 0.207912 0.707107
6 17 18 0.381742 -2.93071 1.79596 -2.47269e-07 2.82843 0 -1.2983 0.347879
-1.2983 -0.707107 -0.612372 -0.978148 -6.18172e-08 0.353553 -8.55124e-08
0.707107 0.707107 0.207912 6 17 19 -10.5558 1.25835e-06 -9.14162 5.27792
1.41421 5.27792 5.27792 -1.41421 5.27792 -0.707107 -0.612372 -0.612372
-6.18172e-08 0.353553 -0.353553 0.707107 0.707107 0.707107 7 8 19 -0.950424
-0.950424 -1.2983 1.41421 -2.44949 0 -1.13476 2.72894 1.79596 -0.847101
-0.353553 -0.612372 -0.489074 -0.612372 -0.353553 0.207912 0.707107
0.707107 7 8 20 -1.77075 1.02234 -1.11884e-07 0.279455 0.279455 1.79596
0.820321 -1.97276 -1.2983 -0.847101 -0.353553 -0.489074 -0.489074 -0.612372
-0.847101 0.207912 0.707107 0.207912 8 19 21 -5.27792 -9.14162 -9.14162
1.41421 5.27792 5.27792 3.86371 3.86371 5.27792 -0.353553 -0.612372
8.43216e-09 -0.612372 -0.353553 -0.707107 0.707107 0.707107 0.707107
8 20 21 -2.3472 1.79596 1.79596 -0.347879 -1.2983 -1.2983 2.44949 -1.41421
1.5477e-07 -0.353553 -0.489074 8.43216e-09 -0.612372 -0.847101 -0.707107
0.707107 0.207912 0.707107 9 20 21 1.6968 -1.2983 -1.2983 -2.04468
-2.43826e-08 -0 0.102287 0.381742 1.79596 1.16643e-08 -0.489074 8.43216e-09
-0.978148 -0.847101 -0.707107 0.207912 0.207912 0.707107 9 21 22 -1.6968
-1.2983 -1.2983 -0.102287 0.381742 1.79596 2.04468 2.43826e-08 -0 1.16643e-08
8.43216e-09 0.489074 -0.978148 -0.707107 -0.847101 0.207912 0.707107
0.207912 10 11 22 -0.279455 0.279455 1.79596 1.77075 1.02234 -0 -0.820322
-1.97276 -1.2983 0.353553 0.847101 0.489074 -0.612372 -0.489074 -0.847101
0.707107 0.207912 0.207912 10 11 23 -1.41421 -2.44949 0 0.950424 -0.950424
-1.2983 1.13476 2.72894 1.79596 0.353553 0.847101 0.612372 -0.612372
-0.489074 -0.353554 0.707107 0.207912 0.707107 10 21 22 2.3472 1.79596
1.79596 -2.44949 -1.41421 0 0.347879 -1.2983 -1.2983 0.353553 8.43216e-09
0.489074 -0.612372 -0.707107 -0.847101 0.707107 0.707107 0.207912 10
21 23 5.27792 -9.14163 -9.14163 -3.86371 3.86371 5.27792 -1.41421 5.27792
5.27792 0.353553 8.43216e-09 0.612372 -0.612372 -0.707107 -0.353554
0.707107 0.707107 0.707107 11 12 23 1.2983 -0.347879 -1.2983 1.41421
2.44949 0 -1.79596 -2.3472 1.79596 0.847101 0.707107 0.612372 -0.489074
1.23634e-07 -0.353554 0.207912 0.707107 0.707107 11 12 24 3.57503e-07
-2.04468 -0 -0.381742 0.102288 1.79596 1.2983 1.6968 -1.2983 0.847101
0.707107 0.978148 -0.489074 1.23634e-07 1.71025e-07 0.207912 0.707107
0.207912 12 13 23 10.5558 -6.29177e-07 -9.14162 -5.27792 1.41421 5.27792
-5.27791 -1.41421 5.27791 0.707107 0.612372 0.612372 1.23634e-07 0.353553
-0.353554 0.707107 0.707107 0.707107 13 15 23 2.44949 1.41421 -1.41421
-1.63299 9.7334e-08 1.41421 -0.816496 -1.41421 1.41421 0.612372 -3.09086e-08
0.612372 0.353553 0.707107 -0.353554 0.707107 0.707107 0.707107 15
17 19 1.63299 -1.94668e-07 1.41421 -2.44949 1.41421 -1.41421 0.816497
-1.41421 1.41421 -3.09086e-08 -0.612372 -0.612372 0.707107 0.353553
-0.353553 0.707107 0.707107 0.707107 15 19 23 1.13556e-07 0.942809
0.471405 -0.816497 -0.471404 0.471404 0.816497 -0.471405 0.471405 -3.09086e-08
-0.612372 0.612372 0.707107 -0.353553 -0.353554 0.707107 0.707107 0.707107
19 21 23 -0.816496 1.41421 1.41421 -3.40669e-07 -2.82843 -1.41421 0.816497
1.41421 1.41421 -0.612372 8.43216e-09 0.612372 -0.353553 -0.707107
-0.353554 0.707107 0.707107 0.707107;
