loudspeaker-matrices 3 24 1 5 13 -1.2983 1.6968 -1.2983 1.78752e-07
-2.04468 0 0.381742 0.102288 1.79596 -0.978148 -0.847101 -0.707107
-8.55124e-08 -0.489074 -6.18172e-08 0.207912 0.207912 0.707107 1 11
13 -1.2983 -1.6968 -1.2983 -1.78752e-07 2.04468 -0 0.381742 -0.102288
1.79596 -0.978148 -0.847101 -0.707107 -8.55124e-08 0.489074 -6.18172e-08
0.207912 0.207912 0.707107 2 3 15 -2.04468 -2.43826e-08 0 1.6968 -1.2983
-1.2983 0.102287 0.381742 1.79596 -0.489074 1.16643e-08 8.43216e-09
-0.847101 -0.978148 -0.707107 0.207912 0.207912 0.707107 2 5 14 0.820321
-1.97276 -1.2983 -1.77075 1.02234 -1.11884e-07 0.279455 0.279455 1.79596
-0.489074 -0.847101 -0.353553 -0.847101 -0.489074 -0.612372 0.207912
0.207912 0.707107 2 14 15 -0.347879 -1.2983 -1.2983 -2.3472 1.79596
1.79596 2.44949 -1.41421 1.5477e-07 -0.489074 -0.353553 8.43216e-09
-0.847101 -0.612372 -0.707107 0.207912 0.707107 0.707107 3 8 15 -1.6968
-1.2983 -1.2983 2.04468 2.43826e-08 0 -0.102287 0.381742 1.79596 1.16643e-08
0.489074 8.43216e-09 -0.978148 -0.847101 -0.707107 0.207912 0.207912
0.707107 4 9 16 1.6968 1.2983 -1.2983 -2.04468 -8.93759e-08 0 0.102288
-0.381742 1.79596 -4.27562e-08 -0.489074 -3.09086e-08 0.978148 0.847101
0.707107 0.207912 0.207912 0.707107 5 13 17 -1.2983 -0.347879 -1.2983
-1.41421 2.44949 -0 1.79596 -2.3472 1.79596 -0.847101 -0.707107 -0.612372
-0.489074 -6.18172e-08 -0.353553 0.207912 0.707107 0.707107 5 14 17
-0.950424 -0.950424 -1.2983 1.41421 -2.44949 0 -1.13476 2.72894 1.79596
-0.847101 -0.353553 -0.612372 -0.489074 -0.612372 -0.353553 0.207912
0.707107 0.707107 8 10 20 -0.820322 -1.97276 -1.2983 1.77075 1.02234
0 -0.279455 0.279455 1.79596 0.489074 0.847101 0.353553 -0.847101 -0.489074
-0.612372 0.207912 0.207912 0.707107 8 15 20 0.347879 -1.2983 -1.2983
-2.44949 -1.41421 -0 2.3472 1.79596 1.79596 0.489074 8.43216e-09 0.353553
-0.847101 -0.707107 -0.612372 0.207912 0.707107 0.707107 9 11 23 1.02234
1.77075 -1.11884e-07 -1.97276 -0.820322 -1.2983 0.279455 -0.279455
1.79596 -0.489074 -0.847101 -0.612372 0.847101 0.489074 0.353553 0.207912
0.207912 0.707107 9 16 21 -0.347879 1.2983 -1.2983 2.44949 1.41421
-0 -2.3472 -1.79596 1.79596 -0.489074 -3.09086e-08 -0.353553 0.847101
0.707107 0.612372 0.207912 0.707107 0.707107 9 21 23 -0.950424 0.950424
-1.2983 2.72894 1.13476 1.79596 -2.44949 -1.41421 -0 -0.489074 -0.353553
-0.612372 0.847101 0.612372 0.353553 0.207912 0.707107 0.707107 10
12 22 0.908903 -1.02234 -1.2983 0.590249 1.02234 0 -0.440798 6.45961e-08
1.79596 0.847101 0.847101 0.612372 -0.489074 0.489074 -0.353554 0.207912
0.207912 0.707107 10 20 22 0.950424 -0.950424 -1.2983 -1.41421 -2.44949
-0 1.13476 2.72894 1.79596 0.847101 0.353553 0.612372 -0.489074 -0.612372
-0.353554 0.207912 0.707107 0.707107 11 13 23 -1.2983 0.347879 -1.2983
-1.41421 -2.44949 1.5477e-07 1.79596 2.3472 1.79596 -0.847101 -0.707107
-0.612372 0.489074 -6.18172e-08 0.353553 0.207912 0.707107 0.707107
12 22 24 1.49915 -8.93564e-08 -1.2983 0.816496 -1.41421 -0 -1.25729
1.41421 1.79596 0.847101 0.612372 0.612372 0.489074 -0.353554 0.353553
0.207912 0.707107 0.707107 13 17 23 -10.5558 1.25835e-06 -9.14162 5.27792
-1.41421 5.27792 5.27792 1.41421 5.27792 -0.707107 -0.612372 -0.612372
-6.18172e-08 -0.353553 0.353553 0.707107 0.707107 0.707107 14 15 17
-5.27792 -9.14162 -9.14162 3.86371 3.86371 5.27792 1.41421 5.27792
5.27792 -0.353553 8.43216e-09 -0.612372 -0.612372 -0.707107 -0.353553
0.707107 0.707107 0.707107 15 17 22 -3.40669e-07 -2.82843 -1.41421
-0.816496 1.41421 1.41421 0.816497 1.41421 1.41421 8.43216e-09 -0.612372
0.612372 -0.707107 -0.353553 -0.353554 0.707107 0.707107 0.707107 15
20 22 -3.86371 3.86371 5.27792 5.27792 -9.14163 -9.14163 -1.41421 5.27792
5.27792 8.43216e-09 0.353553 0.612372 -0.707107 -0.612372 -0.353554
0.707107 0.707107 0.707107 16 21 23 3.8637 -3.8637 5.27792 -5.27792
9.14162 -9.14163 1.41421 -5.27792 5.27792 -3.09086e-08 -0.353553 -0.612372
0.707107 0.612372 0.353553 0.707107 0.707107 0.707107 16 23 24 4.8667e-08
2.82843 -1.41421 -0.816497 -1.41421 1.41421 0.816496 -1.41421 1.41421
-3.09086e-08 -0.612372 0.612372 0.707107 0.353553 0.353553 0.707107
0.707107 0.707107 17 22 23 -0.816497 -1.41421 -1.21667e-07 0.816497
-9.7334e-08 0.707107 1.70334e-07 1.41421 0.707107 -0.612372 0.612372
-0.612372 -0.353553 -0.353554 0.353553 0.707107 0.707107 0.707107 22
23 24 -2.43335e-08 -1.41421 0.707107 -0.816497 4.8667e-08 0.707107
0.816497 1.41421 1.21667e-07 0.612372 -0.612372 0.612372 -0.353554
0.353553 0.353553 0.707107 0.707107 0.707107;
