loudspeaker-matrices 3 24 1 2 13 1.9179 -0.856296 -1.2328 -1.01543
1.75877 1.05521e-07 -0.221626 -0.221626 1.71696 0.852868 0.492404 0.612372
0.492404 0.852869 0.353553 0.173648 0.173648 0.707107 1 12 13 0.217376
2.0891 -1.2328 1.01543 -1.75877 -1.05521e-07 -0.302746 -0.0811206 1.71696
0.852868 0.984808 0.612372 0.492404 1.72189e-07 0.353553 0.173648 0.173648
0.707107 2 3 14 2.0891 0.217377 -1.2328 -1.75877 1.01543 -1.05521e-07
-0.0811206 -0.302746 1.71696 0.492404 -4.30473e-08 0.353553 0.852869
0.984808 0.612372 0.173648 0.173648 0.707107 2 13 14 0.902475 0.902474
-1.2328 2.44949 -1.41421 1.46962e-07 -2.67112 1.19259 1.71696 0.492404
0.612372 0.353553 0.852869 0.353553 0.612372 0.173648 0.707107 0.707107
3 4 16 1.75877 1.01543 0 -2.0891 0.217376 -1.2328 0.0811206 -0.302746
1.71696 -4.30473e-08 -0.492404 -0.353553 0.984808 0.852868 0.612372
0.173648 0.173648 0.707107 3 14 15 0.330328 1.2328 -1.2328 2.82843
1.23634e-07 -0 -2.90955 -0.302747 1.71696 -4.30473e-08 0.353553 -3.09086e-08
0.984808 0.612372 0.707107 0.173648 0.707107 0.707107 3 15 16 -0.330329
1.2328 -1.2328 2.90955 -0.302746 1.71696 -2.82843 -1.23634e-07 -0 -4.30473e-08
-3.09086e-08 -0.353553 0.984808 0.707107 0.612372 0.173648 0.707107
0.707107 4 5 16 0.856296 1.9179 -1.2328 -1.75877 -1.01543 0 0.221626
-0.221626 1.71696 -0.492404 -0.852868 -0.353553 0.852868 0.492404 0.612372
0.173648 0.173648 0.707107 5 6 17 -0.217377 2.0891 -1.2328 -1.01543
-1.75877 0 0.302746 -0.0811206 1.71696 -0.852868 -0.984808 -0.612372
0.492404 -8.60946e-08 0.353553 0.173648 0.173648 0.707107 5 16 17 -0.902475
0.902475 -1.2328 1.41421 2.44949 -0 -1.19259 -2.67112 1.71696 -0.852868
-0.353553 -0.612372 0.492404 0.612372 0.353553 0.173648 0.707107 0.707107
6 7 18 -1.2328 1.70052 -1.2328 1.77543e-07 -2.03085 0 0.302746 0.0811206
1.71696 -0.984808 -0.852869 -0.707107 -8.60946e-08 -0.492404 -6.18172e-08
0.173648 0.173648 0.707107 6 17 18 -1.2328 0.330329 -1.2328 -2.47269e-07
2.82843 -0 0.302747 -2.90955 1.71696 -0.984808 -0.612372 -0.707107
-8.60946e-08 0.353553 -6.18172e-08 0.173648 0.707107 0.707107 7 8 19
-1.9179 0.856295 -1.2328 1.01543 -1.75877 0 0.221626 0.221626 1.71696
-0.852869 -0.492404 -0.612372 -0.492404 -0.852869 -0.353553 0.173648
0.173648 0.707107 7 18 19 -1.2328 -0.330328 -1.2328 -1.41421 2.44949
-0 1.71696 -2.36837 1.71696 -0.852869 -0.707107 -0.612372 -0.492404
-6.18172e-08 -0.353553 0.173648 0.707107 0.707107 8 9 21 -2.03085 -2.42177e-08
0 1.70053 -1.2328 -1.2328 0.0811206 0.302746 1.71696 -0.492404 1.17437e-08
8.43216e-09 -0.852869 -0.984808 -0.707107 0.173648 0.173648 0.707107
8 19 20 -0.902474 -0.902474 -1.2328 -2.44949 1.41421 -1.46962e-07 2.67111
-1.19259 1.71696 -0.492404 -0.612372 -0.353553 -0.852869 -0.353553
-0.612372 0.173648 0.707107 0.707107 8 20 21 -0.330328 -1.2328 -1.2328
-2.36837 1.71696 1.71696 2.44949 -1.41421 1.46962e-07 -0.492404 -0.353553
8.43216e-09 -0.852869 -0.612372 -0.707107 0.173648 0.707107 0.707107
9 10 21 -1.70053 -1.2328 -1.2328 2.03085 2.42177e-08 0 -0.0811206 0.302746
1.71696 1.17437e-08 0.492404 8.43216e-09 -0.984808 -0.852869 -0.707107
0.173648 0.173648 0.707107 10 11 22 -0.856297 -1.9179 -1.2328 1.75877
1.01543 1.05521e-07 -0.221626 0.221626 1.71696 0.492404 0.852868 0.353553
-0.852869 -0.492404 -0.612372 0.173648 0.173648 0.707107 10 21 22 0.330328
-1.2328 -1.2328 -2.44949 -1.41421 -1.46962e-07 2.36837 1.71696 1.71696
0.492404 8.43216e-09 0.353553 -0.852869 -0.707107 -0.612372 0.173648
0.707107 0.707107 11 12 23 0.217377 -2.0891 -1.2328 1.01543 1.75877
0 -0.302746 0.0811206 1.71696 0.852868 0.984808 0.612372 -0.492404
1.72189e-07 -0.353554 0.173648 0.173648 0.707107 11 22 23 0.902474
-0.902475 -1.2328 -1.41421 -2.44949 -0 1.19259 2.67112 1.71696 0.852868
0.353553 0.612372 -0.492404 -0.612372 -0.353554 0.173648 0.707107 0.707107
12 13 24 1.2328 0.330329 -1.2328 -4.94538e-07 2.82843 0 -0.302746 -2.90955
1.71696 0.984808 0.612372 0.707107 1.72189e-07 0.353553 1.23634e-07
0.173648 0.707107 0.707107 12 23 24 1.2328 -0.330329 -1.2328 4.94538e-07
-2.82843 -0 -0.302747 2.90955 1.71696 0.984808 0.612372 0.707107 1.72189e-07
-0.353554 1.23634e-07 0.173648 0.707107 0.707107 13 14 24 9.14163 5.27792
-9.14163 -5.27792 -1.41422 5.27792 -3.86371 -3.86371 5.27792 0.612372
0.353553 0.707107 0.353553 0.612372 1.23634e-07 0.707107 0.707107 0.707107
14 15 24 3.8637 3.8637 -3.8637 -3.34607 -1.93185 3.34607 -0.517638
-1.93185 1.93185 0.353553 -3.09086e-08 0.707107 0.612372 0.707107 1.23634e-07
0.707107 0.707107 0.707107 15 16 17 3.8637 -3.8637 5.27792 -5.27792
9.14162 -9.14163 1.41421 -5.27792 5.27792 -3.09086e-08 -0.353553 -0.612372
0.707107 0.612372 0.353553 0.707107 0.707107 0.707107 15 17 18 1.93185
-0.517638 1.93185 -3.8637 3.8637 -3.8637 1.93185 -3.34606 3.34606 -3.09086e-08
-0.612372 -0.707107 0.707107 0.353553 -6.18172e-08 0.707107 0.707107
0.707107 15 18 20 0.896575 0.517638 0.896575 -1.93185 0.517638 -0.517638
1.03528 -1.03528 1.03528 -3.09086e-08 -0.707107 -0.353553 0.707107
-6.18172e-08 -0.612372 0.707107 0.707107 0.707107 15 20 24 -0.517638
0.896575 0.517638 -0.597717 -0.597717 0.597717 1.11536 -0.298858 0.298858
-3.09086e-08 -0.353553 0.707107 0.707107 -0.612372 1.23634e-07 0.707107
0.707107 0.707107 18 19 20 3.8637 3.8637 5.27792 -9.14162 -5.27792
-9.14162 5.27792 1.41421 5.27792 -0.707107 -0.612372 -0.353553 -6.18172e-08
-0.353553 -0.612372 0.707107 0.707107 0.707107 20 21 23 -1.93185 3.34607
3.34607 1.41421 -5.27792 -3.8637 0.517638 1.93185 1.93185 -0.353553
8.43216e-09 0.612372 -0.612372 -0.707107 -0.353554 0.707107 0.707107
0.707107 20 23 24 -1.11536 0.298858 1.11536 1.93185 -3.34606 -1.93185
-0.816496 3.0472 2.23071 -0.353553 0.612372 0.707107 -0.612372 -0.353554
1.23634e-07 0.707107 0.707107 0.707107 21 22 23 -3.86371 3.86371 5.27792
5.27792 -9.14163 -9.14163 -1.41421 5.27792 5.27792 8.43216e-09 0.353553
0.612372 -0.707107 -0.612372 -0.353554 0.707107 0.707107 0.707107;
