loudspeaker-matrices 2 64 63 5 -18.8272 88.8503 17.8478 -89.0522 5
51 -1.92614 4.26592 0.970269 -4.57894 25 55 -4.85386 8.32002 3.96388
-8.77898 18 1 -13.7129 21.5208 12.859 -22.0416 1 36 -12.0308 17.0201
11.2004 -17.5777 36 40 -3.48655 3.2 2.73164 -3.86448 40 52 -5.95372
4.10706 5.32871 -4.89076 52 60 -5.7074 2.72229 5.20507 -3.59062 60
45 -10.377 3.84164 9.98735 -4.76372 30 11 -4.93091 0.759131 4.67868
-1.73208 11 3 -9.81754 0.499664 9.71579 -1.49578 3 64 -4.77103 -0.758473
4.8247 -0.245553 37 33 -4.68252 -1.75696 4.93927 0.785218 7 26 -9.73001
-4.71894 10.1247 3.79895 26 49 -10.7865 -6.34272 11.2589 5.46042 49
56 -3.42347 -3.17316 4.02378 2.36608 34 61 -10.6221 -11.2089 11.3256
10.4975 31 15 -9.21249 -11.1753 9.96212 10.5125 15 42 -2.83638 -5.01279
3.66364 4.44419 42 46 -4.12839 -9.32681 5.02293 8.87711 23 53 -2.69719
-8.56406 3.63422 8.21039 53 19 -0.248654 -4.11845 1.23942 3.93539 4
50 0.526588 -7.87126 0.475429 7.87452 50 57 1.26531 -3.93233 -0.27574
4.12167 16 27 2.33724 -3.99896 -1.41877 4.40925 27 8 6.84185 -9.72445
-5.99975 10.2654 8 12 7.97715 -9.60022 -7.18238 10.2085 12 62 1.88426
-0.702921 -1.28528 1.54679 62 32 9.99801 -2.66244 -9.69387 3.6163 32
54 9.4089 -1.47071 -9.20244 2.45058 54 43 9.79727 -0.519275 -9.69332
1.51517 43 58 9.38485 0.503987 -9.3852 0.497435 9 20 4.68443 1.253
-4.84213 -0.260033 13 47 4.77577 2.31259 -5.12602 -1.37112 47 17 10.7598
6.32134 -11.2317 -5.4388 17 35 10.8331 7.5242 -11.3724 -6.68121 35
21 5.24876 4.86311 -5.87689 -4.08184 6 28 36.9358 35.5852 -37.6226
-34.8583 28 44 5.56286 6.74805 -6.29799 -6.0677 14 2 7.054 10.129 -7.85142
-9.52419 2 59 5.43453 9.55337 -6.28119 -9.01929 10 39 0.666455 3.19399
-1.6133 -2.83602 39 48 7.06239 38.7423 -8.0439 -38.5505 48 63 -0.532314
2.656 -0.485788 -2.6649;
