loudspeaker-matrices 2 64 14 36 -1.52759 7.62195 0.534394 -7.75514
2 63 -2.67426 8.25456 1.70512 -8.50776 63 59 -3.72121 8.24154 2.78699
-8.6025 59 40 -4.85386 8.32002 3.96388 -8.77898 6 35 -13.7129 21.5208
12.859 -22.0416 5 10 -3.4834 3.60591 2.69419 -4.22824 10 49 -4.16781
2.87508 3.51788 -3.64159 49 64 -11.4212 6.66382 10.8845 -7.50847 64
41 -10.8724 5.18585 10.4043 -6.07054 15 3 -3.42989 0.528044 3.13224
-1.494 3 37 -9.81754 0.499664 9.71579 -1.49578 30 45 -9.41054 -0.522345
9.41284 -0.479067 22 11 -9.67969 -1.53882 9.78618 0.543195 11 60 -4.68252
-1.75696 4.93927 0.785218 26 56 -3.34144 -2.32184 3.80959 1.42942 56
57 -5.24829 -4.86455 5.87658 4.08341 52 4 -10.6221 -11.2089 11.3256
10.4975 4 23 -9.21249 -11.1753 9.96212 10.5125 23 33 -7.10303 -10.1885
7.9003 9.5835 7 61 -5.25195 -9.28187 6.09914 8.74851 31 53 -1.44234
-4.5797 2.36453 4.17888 53 8 -1.46612 -7.98413 2.43851 7.7427 8 38
-0.498039 -8.249 1.49256 8.12812 38 34 0.843542 -2.62156 0.165968 2.74893
16 42 3.70498 -8.24962 -2.77004 8.60872 27 12 2.38561 -2.871 -1.52929
3.40516 12 46 9.50773 -9.8775 -8.76194 10.5447 46 32 3.1887 -1.87074
-2.56381 2.66352 32 62 10.5334 -5.02034 -10.0645 5.90459 62 54 10.6969
-3.99049 -10.3063 4.91208 9 13 9.99801 -2.66244 -9.69387 3.6163 13
47 9.4089 -1.47071 -9.20244 2.45058 47 17 9.79727 -0.519275 -9.69332
1.51517 17 58 4.61254 0.756929 -4.66769 0.247397 24 28 9.80237 2.62197
-10.0131 -1.64317 28 25 1.5707 1.45529 -2.06853 -0.553297 18 39 36.9358
35.5852 -37.6226 -34.8583 1 44 15.1586 15.9929 -15.8688 -15.2885 44
48 3.81655 5.48026 -4.59413 -4.84699 48 43 11.5136 18.2824 -12.3474
-17.7299 43 55 2.77029 6.27549 -3.65552 -5.8046 29 51 -0.147591 2.14185
-0.867031 -1.96407;
