loudspeaker-matrices 2 64 2 48 -1.52759 7.62195 0.534394 -7.75514 48
59 -1.83393 4.06168 0.875757 -4.36962 59 63 -4.85386 8.32002 3.96388
-8.77898 21 43 -13.7129 21.5208 12.859 -22.0416 43 40 -12.0308 17.0201
11.2004 -17.5777 18 10 -3.48655 3.2 2.73164 -3.86448 10 56 -5.95372
4.10706 5.32871 -4.89076 3 64 -11.4212 6.66382 10.8845 -7.50847 22
60 -5.42904 2.00987 5.00025 -2.91746 60 30 -4.93091 0.759131 4.67868
-1.73208 11 37 -9.81754 0.499664 9.71579 -1.49578 37 26 -4.77103 -0.758473
4.8247 -0.245553 7 41 -9.22283 -2.47875 9.43168 1.4994 41 52 -4.78893
-2.32257 5.14002 1.38145 52 15 -5.29557 -3.67969 5.80213 2.81396 15
45 -3.37893 -3.5656 4.03402 2.80309 45 57 -9.21249 -11.1753 9.96212
10.5125 57 49 -7.10303 -10.1885 7.9003 9.5835 38 31 -5.25195 -9.28187
6.09914 8.74851 16 34 -4.12839 -9.32681 5.02293 8.87711 34 27 -2.69719
-8.56406 3.63422 8.21039 27 61 -1.46612 -7.98413 2.43851 7.7427 8 53
0.2715 -4.05828 0.734604 4.00047 53 4 1.51312 -7.63657 -0.519658 7.76767
4 23 1.8243 -4.06204 -0.865478 4.36797 23 50 4.73354 -8.09897 -3.84322
8.55742 50 19 6.84185 -9.72445 -5.99975 10.2654 19 12 7.97715 -9.60022
-7.18238 10.2085 12 42 9.50773 -9.8775 -8.76194 10.5447 42 24 4.17342
-2.89376 -3.52191 3.65889 24 28 5.61369 -2.67554 -5.11039 3.54343 28
32 10.6969 -3.99049 -10.3063 4.91208 5 62 9.99801 -2.66244 -9.69387
3.6163 62 58 4.85173 -0.257152 -4.69492 1.25024 1 35 4.61254 0.756929
-4.66769 0.247397 35 54 4.82369 1.80495 -5.08235 -0.834026 20 39 9.70216
4.69812 -10.0962 -3.77783 17 47 10.7598 6.32134 -11.2317 -5.4388 9
44 3.42096 3.16961 -4.02104 -2.36234 44 6 10.6078 11.1917 -11.3113
-10.4802 6 14 9.19948 11.1595 -9.94908 -10.4967 14 36 2.88539 5.07223
-3.71191 -4.50275 36 55 3.98603 9.02947 -4.88034 -8.57916 55 13 0.979803
4.69572 -1.93719 -4.38829 13 29 7.06239 38.7423 -8.0439 -38.5505 29
51 0.47988 8.20861 -1.47461 -8.08932 51 25 -0.541938 7.86461 -0.460074
-7.86982;
