loudspeaker-matrices 2 64 6 51 -2.67426 8.25456 1.70512 -8.50776 51
25 -1.94061 2.74539 1.03618 -3.19835 25 18 -8.00628 9.59411 7.21282
-10.204 18 60 -3.06939 2.11736 2.38913 -2.86295 3 49 -5.7074 2.72229
5.20507 -3.59062 49 64 -5.1982 1.37148 4.85237 -2.31446 64 56 -9.41187
1.44899 9.20768 -2.42934 56 26 -9.81754 0.499664 9.71579 -1.49578 26
7 -9.41054 -0.522345 9.41284 -0.479067 7 37 -9.67969 -1.53882 9.78618
0.543195 22 41 -9.22283 -2.47875 9.43168 1.4994 11 52 -3.24338 -1.90719
3.63362 0.976581 33 45 -10.8583 -7.54501 11.3978 6.70219 45 50 -3.37893
-3.5656 4.03402 2.80309 12 53 -3.83452 -5.50017 4.61195 4.86675 15
27 -2.11997 -4.78941 2.9954 4.29655 8 4 -2.69719 -8.56406 3.63422 8.21039
4 57 -1.46612 -7.98413 2.43851 7.7427 31 61 0.773651 -1.3237 0.276911
1.50799 23 46 6.84185 -9.72445 -5.99975 10.2654 46 34 7.97715 -9.60022
-7.18238 10.2085 34 38 9.50773 -9.8775 -8.76194 10.5447 38 42 12.2263
-11.2598 -11.5267 11.975 42 20 2.48123 -0.925621 -1.94801 1.79402 20
47 9.99801 -2.66244 -9.69387 3.6163 28 35 9.4089 -1.47071 -9.20244
2.45058 35 43 4.81943 0.258814 -4.76847 0.745363 43 54 9.07101 1.48857
-9.17911 -0.492938 1 58 4.82369 1.80495 -5.08235 -0.834026 24 39 9.70216
4.69812 -10.0962 -3.77783 13 17 10.7598 6.32134 -11.2317 -5.4388 17
5 10.8331 7.5242 -11.3724 -6.68121 5 36 5.24876 4.86311 -5.87689 -4.08184
21 62 36.9358 35.5852 -37.6226 -34.8583 9 59 15.1586 15.9929 -15.8688
-15.2885 59 63 9.19948 11.1595 -9.94908 -10.4967 10 2 2.88539 5.07223
-3.71191 -4.50275 2 55 1.41582 4.5113 -2.33791 -4.10981 40 44 -0.408468
2.03806 -0.62241 -1.98322;
