loudspeaker-matrices 2 64 55 14 -4.85386 8.32002 3.96388 -8.77898 14
5 -13.7129 21.5208 12.859 -22.0416 5 51 -12.0308 17.0201 11.2004 -17.5777
44 48 -3.48655 3.2 2.73164 -3.86448 48 60 -4.05964 2.36864 3.46273
-3.17814 15 52 -10.8724 5.18585 10.4043 -6.07054 52 64 -10.377 3.84164
9.98735 -4.76372 11 45 -4.93091 0.759131 4.67868 -1.73208 45 7 -9.81754
0.499664 9.71579 -1.49578 7 26 -4.77103 -0.758473 4.8247 -0.245553
26 56 -9.22283 -2.47875 9.43168 1.4994 41 30 -9.72711 -3.64977 10.0332
2.69656 3 37 -3.34144 -2.32184 3.80959 1.42942 22 23 -5.24829 -4.86455
5.87658 4.08341 23 34 -2.68668 -3.85373 3.44543 3.19351 34 50 -5.25195
-9.28187 6.09914 8.74851 33 27 -4.12839 -9.32681 5.02293 8.87711 16
38 -0.775321 -4.22221 1.73755 3.92544 38 31 0.2715 -4.05828 0.734604
4.00047 31 53 1.51312 -7.63657 -0.519658 7.76767 53 57 2.65331 -8.24595
-1.68363 8.49712 57 61 2.33724 -3.99896 -1.41877 4.40925 61 19 6.84185
-9.72445 -5.99975 10.2654 12 42 7.97715 -9.60022 -7.18238 10.2085 42
46 9.50773 -9.8775 -8.76194 10.5447 8 4 12.2263 -11.2598 -11.5267 11.975
4 54 5.97375 -4.14207 -5.34715 4.92447 54 20 5.61369 -2.67554 -5.11039
3.54343 20 62 5.26726 -1.40265 -4.92053 2.34517 32 28 3.23391 0.173668
-3.12951 0.833379 28 58 9.07101 1.48857 -9.17911 -0.492938 9 13 9.80237
2.62197 -10.0131 -1.64317 13 47 9.70134 3.6301 -10.0065 -2.67656 47
43 9.70216 4.69812 -10.0962 -3.77783 17 39 10.7598 6.32134 -11.2317
-5.4388 24 40 3.42096 3.16961 -4.02104 -2.36234 10 21 10.6078 11.1917
-11.3113 -10.4802 21 6 9.19948 11.1595 -9.94908 -10.4967 6 29 7.054
10.129 -7.85142 -9.52419 29 1 11.5136 18.2824 -12.3474 -17.7299 1 2
11.0383 19.4043 -11.8965 -18.8904 2 63 1.41582 4.5113 -2.33791 -4.10981
25 59 1.45239 7.96743 -2.42507 -7.72712 18 55 -0.724128 1.60376 -0.315571
-1.73113;
