loudspeaker-matrices 2 64 10 40 -1.52759 7.62195 0.534394 -7.75514
40 43 -18.8272 88.8503 17.8478 -89.0522 43 6 -1.92614 4.26592 0.970269
-4.57894 6 25 -4.85386 8.32002 3.96388 -8.77898 18 2 -3.84751 4.61056
3.02601 -5.1869 2 44 -9.56611 9.90252 8.82163 -10.5712 44 41 -4.16781
2.87508 3.51788 -3.64159 41 33 -5.7074 2.72229 5.20507 -3.59062 33
45 -10.377 3.84164 9.98735 -4.76372 45 22 -10.0248 2.64492 9.72293
-3.5995 22 64 -9.41187 1.44899 9.20768 -2.42934 3 56 -9.81754 0.499664
9.71579 -1.49578 11 26 -9.41054 -0.522345 9.41284 -0.479067 26 60 -3.13265
-1.17542 3.34077 0.185434 7 52 -9.73001 -4.71894 10.1247 3.79895 30
49 -10.7865 -6.34272 11.2589 5.46042 49 38 -2.48291 -2.62009 3.11158
1.82969 38 53 -9.21249 -11.1753 9.96212 10.5125 53 37 -2.83638 -5.01279
3.66364 4.44419 15 46 -1.44234 -4.5797 2.36453 4.17888 19 50 -1.46612
-7.98413 2.43851 7.7427 12 57 -0.498039 -8.249 1.49256 8.12812 42 31
0.526588 -7.87126 0.475429 7.87452 31 61 1.17766 -2.62222 -0.191877
2.86812 27 34 4.73354 -8.09897 -3.84322 8.55742 34 23 6.84185 -9.72445
-5.99975 10.2654 4 16 4.54428 -4.72102 -3.77059 5.35921 16 8 12.2263
-11.2598 -11.5267 11.975 8 54 5.97375 -4.14207 -5.34715 4.92447 9 24
11.4045 -6.69078 -10.8658 7.53414 13 62 5.42717 -2.02461 -4.99616 2.93113
5 1 9.99801 -2.66244 -9.69387 3.6163 1 28 9.4089 -1.47071 -9.20244
2.45058 28 39 2.38829 0.638827 -2.44259 0.381803 39 20 9.70134 3.6301
-10.0065 -2.67656 20 17 9.70216 4.69812 -10.0962 -3.77783 17 29 2.51209
2.32751 -3.08225 -1.49253 29 58 36.9358 35.5852 -37.6226 -34.8583 47
55 15.1586 15.9929 -15.8688 -15.2885 55 21 9.19948 11.1595 -9.94908
-10.4967 14 35 4.19399 6.65964 -5.00618 -6.07277 35 63 11.0383 19.4043
-11.8965 -18.8904 36 48 3.98603 9.02947 -4.88034 -8.57916 48 51 0.768897
4.21795 -1.73148 -3.92228 51 59 -0.278838 4.0465 -0.727404 -3.99033
;
