loudspeaker-matrices 2 64 48 63 -1.52759 7.62195 0.534394 -7.75514
36 47 -18.8272 88.8503 17.8478 -89.0522 47 18 -2.95486 9.12067 1.98742
-9.37913 18 44 -3.72121 8.24154 2.78699 -8.6025 44 55 -4.85386 8.32002
3.96388 -8.77898 55 43 -13.7129 21.5208 12.859 -22.0416 43 40 -5.01504
6.00963 4.20616 -6.6011 40 2 -5.56402 5.10673 4.83885 -5.7985 2 49
-4.05964 2.36864 3.46273 -3.17814 49 7 -10.8724 5.18585 10.4043 -6.07054
7 52 -5.1982 1.37148 4.85237 -2.31446 45 41 -9.41187 1.44899 9.20768
-2.42934 41 30 -9.81754 0.499664 9.71579 -1.49578 30 56 -9.41054 -0.522345
9.41284 -0.479067 33 15 -4.69641 -1.26222 4.8556 0.269517 15 60 -4.78893
-2.32257 5.14002 1.38145 60 37 -5.29557 -3.67969 5.80213 2.81396 26
64 -5.24829 -4.86455 5.87658 4.08341 22 3 -10.6221 -11.2089 11.3256
10.4975 3 61 -9.21249 -11.1753 9.96212 10.5125 11 19 -7.10303 -10.1885
7.9003 9.5835 8 31 -2.11997 -4.78941 2.9954 4.29655 31 53 -2.69719
-8.56406 3.63422 8.21039 53 42 -0.248654 -4.11845 1.23942 3.93539 27
23 0.526588 -7.87126 0.475429 7.87452 23 34 1.26531 -3.93233 -0.27574
4.12167 34 57 3.70498 -8.24962 -2.77004 8.60872 4 46 3.03098 -4.30798
-2.158 4.80506 12 38 4.54428 -4.72102 -3.77059 5.35921 38 39 4.17342
-2.89376 -3.52191 3.65889 16 9 11.4045 -6.69078 -10.8658 7.53414 9
28 10.5334 -5.02034 -10.0645 5.90459 28 54 10.6969 -3.99049 -10.3063
4.91208 54 32 9.99801 -2.66244 -9.69387 3.6163 32 58 9.4089 -1.47071
-9.20244 2.45058 58 35 9.79727 -0.519275 -9.69332 1.51517 13 1 9.38485
0.503987 -9.3852 0.497435 1 62 4.68443 1.253 -4.84213 -0.260033 62
24 9.70134 3.6301 -10.0065 -2.67656 17 20 5.00545 2.94068 -5.43717
-2.03451 20 5 10.8331 7.5242 -11.3724 -6.68121 5 25 5.24876 4.86311
-5.87689 -4.08184 10 51 10.6078 11.1917 -11.3113 -10.4802 21 6 2.06819
3.63567 -2.87742 -3.03578 6 29 0.542523 2.97613 -1.49581 -2.62949 29
59 0.47988 8.20861 -1.47461 -8.08932 14 48 -0.541938 7.86461 -0.460074
-7.86982;
